795390
825979
825835
825588
825327
827
825186
825002
824986
824409
824286
824172
824041
823553
823461
823307
823219
822758
822530
822367
822254
821491
821367
813376
821244
820704
820667
820511
820150
820051
819591
819442
819264
819058
818828
818365
818061
817940
817803
817499
817448
817229
816881
816586
816420
816196
816019
815714
815577
815389
815376
815203
815147
814932
814745
814517
814477
814327
814176
814082
878
811685
811472
811014
809691
809542
809324
809025
807559
806805
805636
805348
804319
804128
804024
803806
802834
802714
802516
802441
801687
801549
801373
801290
800561
800431
800033
799768
798779
798638
798507
798445
797775
797600
797520
797393
797018
796873
796659
796225
795754
795557
795502
794958
794686
794534
794110
790108
787805
785963
782495
778312
768553
766072
763706
761661
751903
750142
749516
746428
734947
732229
729762
727127
715396
714943
712202
710101
698111
695452
693714
691081
679733
677754
675697
673746
670166
513827
663383
659529
653236
650369
646759
645221
640843
632188
629276
609675
602093
622569
605913
598938
593627
591740
589374
584568
583521
581003
572362
570713
568519
563192
561775
559534
553831
552023
551918
548247
544723
540331
538867
536029
528751
527172
522938
519113
512251
509345
506614
503253
502245
498283
495936
491966
490259
487248
480364
478588
475405
472768
469661
468000
464176
454645
450363
443099
441194
437907
431674
428774
424778
388691
372013
362375
342775
334122
326168
320788
316645
308805
305917
303346
293260
290053
285723
282142
276971
273646
270509
265682
264359
265685
260543
256590
249517
247437
240731
238115
237110
234911
233308
230276
223358
221800
217196
211727
208372
209243
205098
203459
200920
198721
197485
195501
193054
191825
190277
189010
188032
186961
184642
180771
178640
176438
175499
15510
174000
171921
171116
168944
166909
165862
163771
161394
160646
158626
155906
154713
153016
150398
149450
147377
144651
143678
140665
137441
136358
134793
130411
126932
124368
123600
123360
121130
117976
115503
113136
111963
109303
107252
106830
104738
103076
102259
100849
99065
99053